# energy, spinup, spindown
#   efermi=-1.513708981861878, nspin=2, nedos=100 
-8.486291018138121700e+00 1.100062971407319878e-298 1.100062971407319666e-298 1.100062971407319878e-298 1.100062971407319666e-298
-8.284270816117919267e+00 1.135766086931192277e-282 1.135766086931192277e-282 1.135766086931192277e-282 1.135766086931192277e-282
-8.082250614097716834e+00 4.227151647667101509e-267 4.227151647667101509e-267 4.227151647667101509e-267 4.227151647667101509e-267
-7.880230412077516178e+00 5.671453042813922414e-252 5.671453042813920475e-252 5.671453042813922414e-252 5.671453042813920475e-252
-7.678210210057313745e+00 2.743016588356587076e-237 2.743016588356587621e-237 2.743016588356587076e-237 2.743016588356587621e-237
-7.476190008037111312e+00 4.782446366922476026e-223 4.782446366922471418e-223 4.782446366922476026e-223 4.782446366922471418e-223
-7.274169806016908879e+00 3.005795040631664179e-209 3.005795040631664179e-209 3.005795040631664179e-209 3.005795040631664179e-209
-7.072149603996708223e+00 6.810142504601668327e-196 6.810142504601669277e-196 6.810142504601668327e-196 6.810142504601669277e-196
-6.870129401976505790e+00 5.562123363493741421e-183 5.562123363493745602e-183 5.562123363493741421e-183 5.562123363493745602e-183
-6.668109199956303357e+00 1.637618044538951846e-170 1.637618044538952030e-170 1.637618044538951846e-170 1.637618044538952030e-170
-6.466088997936100924e+00 1.738089732947651133e-158 1.738089732947651133e-158 1.738089732947651133e-158 1.738089732947651133e-158
-6.264068795915899379e+00 6.649964918361582660e-147 6.649964918361493750e-147 6.649964918361582660e-147 6.649964918361493750e-147
-6.062048593895697834e+00 9.171789847319447964e-136 9.171789847319452547e-136 9.171789847319447964e-136 9.171789847319452547e-136
-5.860028391875495402e+00 4.560121531462403060e-125 4.560121531462402535e-125 4.560121531462403060e-125 4.560121531462402535e-125
-5.658008189855292969e+00 8.173090730212298123e-115 8.173090730212294516e-115 8.173090730212298123e-115 8.173090730212294516e-115
-5.455987987835091424e+00 5.280606475761387930e-105 5.280606475761367018e-105 5.280606475761387930e-105 5.280606475761367018e-105
-5.253967785814889879e+00 1.229897358611347142e-95 1.229897358611348140e-95 1.229897358611347142e-95 1.229897358611348140e-95
-5.051947583794687446e+00 1.032622335592046766e-86 1.032622335592046409e-86 1.032622335592046766e-86 1.032622335592046409e-86
-4.849927381774485013e+00 3.125372175029702615e-78 3.125372175029690150e-78 3.125372175029702615e-78 3.125372175029690150e-78
-4.647907179754283469e+00 3.409962076377473686e-70 3.409962076377460173e-70 3.409962076377473686e-70 3.409962076377460173e-70
-4.445886977734081036e+00 1.341173419758043459e-62 1.341173419758042595e-62 1.341173419758043459e-62 1.341173419758042595e-62
-4.243866775713879491e+00 1.901550691592191468e-55 1.901550691592189656e-55 1.901550691592191468e-55 1.901550691592189656e-55
-4.041846573693677058e+00 9.718930084152029750e-49 9.718930084152028230e-49 9.718930084152029750e-49 9.718930084152028230e-49
-3.839826371673475514e+00 1.790674254041651710e-42 1.790674254041645656e-42 1.790674254041651710e-42 1.790674254041645656e-42
-3.637806169653273081e+00 1.189329803273584845e-36 1.189329803273583174e-36 1.189329803273584845e-36 1.189329803273583174e-36
-3.435785967633071536e+00 2.847577779887783980e-31 2.847577779887778725e-31 2.847577779887783980e-31 2.847577779887778725e-31
-3.233765765612869103e+00 2.457743011184951017e-26 2.457743011184947286e-26 2.457743011184951017e-26 2.457743011184947286e-26
-3.031745563592667558e+00 7.646891448285873090e-22 7.646891448285867447e-22 7.646891448285873090e-22 7.646891448285867447e-22
-2.829725361572465125e+00 8.576714656210834092e-18 8.576714656210817144e-18 8.576714656210834092e-18 8.576714656210817144e-18
-2.627705159552263581e+00 3.467724435997059858e-14 3.467724435997058596e-14 3.467724435997059858e-14 3.467724435997058596e-14
-2.425684957532061148e+00 5.054239028834571750e-11 5.054239028834565934e-11 5.054239028834571750e-11 5.054239028834565934e-11
-2.223664755511859603e+00 2.655550448244493006e-08 2.655550448244491352e-08 2.655550448244493006e-08 2.655550448244491352e-08
-2.021644553491657170e+00 5.029686500609082802e-06 5.029686500609079414e-06 5.029686500609082802e-06 5.029686500609079414e-06
-1.819624351471454959e+00 3.434115181967922889e-04 3.434115181967920178e-04 3.434115181967922889e-04 3.434115181967920178e-04
-1.617604149451253415e+00 8.452328736609426504e-03 8.452328736609419566e-03 8.452328736609426504e-03 8.452328736609419566e-03
-1.415583947431050982e+00 7.499382297127536734e-02 7.499382297127538122e-02 7.499382297127536734e-02 7.499382297127538122e-02
-1.213563745410849437e+00 2.398628622010032241e-01 2.398628622010033073e-01 2.398628622010032241e-01 2.398628622010033073e-01
-1.011543543390647004e+00 2.766011315809440152e-01 2.766011315809439042e-01 2.766011315809440152e-01 2.766011315809439042e-01
-8.095233413704454595e-01 1.163973801011287390e-01 1.163973801011289333e-01 1.163973801011287390e-01 1.163973801011289333e-01
-6.075031393502430266e-01 3.569350668391730458e-02 3.569350668391724907e-02 3.569350668391730458e-02 3.569350668391724907e-02
-4.054829373300405937e-01 9.710330703599361069e-02 9.710330703599361069e-02 9.710330703599361069e-02 9.710330703599361069e-02
-2.034627353098399372e-01 2.334691272270558171e-01 2.334691272270555951e-01 2.334691272270558171e-01 2.334691272270555951e-01
-1.442533289637504268e-03 2.836909492276262768e-01 2.836909492276271649e-01 2.836909492276262768e-01 2.836909492276271649e-01
2.005776687305649286e-01 1.738130689164907594e-01 1.738130689164902598e-01 1.738130689164907594e-01 1.738130689164902598e-01
4.025978707507673615e-01 1.389677757355676502e-01 1.389677757355676502e-01 1.389677757355676502e-01 1.389677757355676502e-01
6.046180727709680180e-01 2.194074642256686469e-01 2.194074642256687024e-01 2.194074642256686469e-01 2.194074642256687024e-01
8.066382747911704509e-01 1.622685241462172578e-01 1.622685241462172023e-01 1.622685241462172578e-01 1.622685241462172023e-01
1.008658476811372884e+00 5.566414757532191226e-02 5.566414757532182900e-02 5.566414757532191226e-02 5.566414757532182900e-02
1.210678678831575317e+00 9.798878822549485224e-02 9.798878822549496326e-02 9.798878822549485224e-02 9.798878822549496326e-02
1.412698880851777750e+00 2.602773478085556591e-01 2.602773478085553260e-01 2.602773478085556591e-01 2.602773478085553260e-01
1.614719082871978406e+00 2.602773478085552705e-01 2.602773478085552705e-01 2.602773478085552705e-01 2.602773478085552705e-01
1.816739284892180839e+00 9.798878822549487999e-02 9.798878822549482448e-02 9.798878822549487999e-02 9.798878822549482448e-02
2.018759486912383494e+00 5.566414757532180124e-02 5.566414757532185675e-02 5.566414757532180124e-02 5.566414757532185675e-02
2.220779688932585927e+00 1.622685241462175076e-01 1.622685241462173966e-01 1.622685241462175076e-01 1.622685241462173966e-01
2.422799890952786583e+00 2.194074642256691188e-01 2.194074642256689245e-01 2.194074642256691188e-01 2.194074642256689245e-01
2.624820092972989016e+00 1.389677757355676779e-01 1.389677757355676224e-01 1.389677757355676779e-01 1.389677757355676224e-01
2.826840294993191449e+00 1.738130689164902876e-01 1.738130689164905651e-01 1.738130689164902876e-01 1.738130689164905651e-01
3.028860497013393882e+00 2.836909492276274980e-01 2.836909492276276090e-01 2.836909492276274980e-01 2.836909492276276090e-01
3.230880699033594539e+00 2.334691272270566775e-01 2.334691272270567053e-01 2.334691272270566775e-01 2.334691272270567053e-01
3.432900901053796971e+00 9.710330703599343027e-02 9.710330703599337476e-02 9.710330703599343027e-02 9.710330703599337476e-02
3.634921103073999404e+00 3.569350668391727682e-02 3.569350668391732539e-02 3.569350668391727682e-02 3.569350668391732539e-02
3.836941305094201837e+00 1.163973801011289055e-01 1.163973801011290721e-01 1.163973801011289055e-01 1.163973801011290721e-01
4.038961507114402494e+00 2.766011315809435156e-01 2.766011315809438487e-01 2.766011315809435156e-01 2.766011315809438487e-01
4.240981709134604927e+00 2.398628622010041400e-01 2.398628622010039735e-01 2.398628622010041400e-01 2.398628622010039735e-01
4.443001911154807360e+00 7.499382297127532571e-02 7.499382297127524244e-02 7.499382297127532571e-02 7.499382297127524244e-02
4.645022113175009792e+00 8.452328736609417831e-03 8.452328736609402218e-03 8.452328736609417831e-03 8.452328736609402218e-03
4.847042315195212225e+00 3.434115181967860005e-04 3.434115181967853500e-04 3.434115181967860005e-04 3.434115181967853500e-04
5.049062517215412882e+00 5.029686500609175128e-06 5.029686500609158188e-06 5.029686500609175128e-06 5.029686500609158188e-06
5.251082719235615315e+00 2.655550448244551240e-08 2.655550448244540652e-08 2.655550448244551240e-08 2.655550448244540652e-08
5.453102921255817748e+00 5.054239028834549132e-11 5.054239028834521990e-11 5.054239028834549132e-11 5.054239028834521990e-11
5.655123123276020181e+00 3.467724435997047236e-14 3.467724435997030828e-14 3.467724435997047236e-14 3.467724435997030828e-14
5.857143325296220837e+00 8.576714656211092937e-18 8.576714656211051337e-18 8.576714656211092937e-18 8.576714656211051337e-18
6.059163527316423270e+00 7.646891448286200347e-22 7.646891448286141102e-22 7.646891448286200347e-22 7.646891448286141102e-22
6.261183729336625703e+00 2.457743011184935233e-26 2.457743011184916579e-26 2.457743011184935233e-26 2.457743011184916579e-26
6.463203931356828136e+00 2.847577779887762085e-31 2.847577779887740627e-31 2.847577779887762085e-31 2.847577779887740627e-31
6.665224133377028792e+00 1.189329803273643813e-36 1.189329803273633957e-36 1.189329803273643813e-36 1.189329803273633957e-36
6.867244335397231225e+00 1.790674254041737100e-42 1.790674254041719894e-42 1.790674254041737100e-42 1.790674254041719894e-42
7.069264537417433658e+00 9.718930084151994806e-49 9.718930084151944669e-49 9.718930084151994806e-49 9.718930084151944669e-49
7.271284739437636091e+00 1.901550691592177703e-55 1.901550691592160316e-55 1.901550691592177703e-55 1.901550691592160316e-55
7.473304941457836748e+00 1.341173419758148388e-62 1.341173419758134138e-62 1.341173419758148388e-62 1.341173419758134138e-62
7.675325143478040957e+00 3.409962076377132016e-70 3.409962076377096627e-70 3.409962076377132016e-70 3.409962076377096627e-70
7.877345345498241613e+00 3.125372175029656592e-78 3.125372175029614884e-78 3.125372175029656592e-78 3.125372175029614884e-78
8.079365547518442270e+00 1.032622335592215714e-86 1.032622335592203927e-86 1.032622335592215714e-86 1.032622335592203927e-86
8.281385749538646479e+00 1.229897358611341986e-95 1.229897358611330343e-95 1.229897358611341986e-95 1.229897358611330343e-95
8.483405951558847136e+00 5.280606475761973466e-105 5.280606475761898337e-105 5.280606475761973466e-105 5.280606475761898337e-105
8.685426153579051345e+00 8.173090730210857273e-115 8.173090730210743664e-115 8.173090730210857273e-115 8.173090730210743664e-115
8.887446355599252001e+00 4.560121531462379967e-125 4.560121531462314363e-125 4.560121531462379967e-125 4.560121531462314363e-125
9.089466557619452658e+00 9.171789847320984597e-136 9.171789847320926554e-136 9.171789847320984597e-136 9.171789847320926554e-136
9.291486759639656867e+00 6.649964918360476838e-147 6.649964918360429049e-147 6.649964918360476838e-147 6.649964918360429049e-147
9.493506961659857524e+00 1.738089732947645877e-158 1.738089732947634152e-158 1.738089732947645877e-158 1.738089732947634152e-158
9.695527163680058180e+00 1.637618044539317180e-170 1.637618044539294014e-170 1.637618044539317180e-170 1.637618044539294014e-170
9.897547365700262390e+00 5.562123363493711321e-183 5.562123363493636071e-183 5.562123363493711321e-183 5.562123363493636071e-183
1.009956756772046305e+01 6.810142504603198705e-196 6.810142504603154030e-196 6.810142504603198705e-196 6.810142504603154030e-196
1.030158776974066726e+01 3.005795040630800743e-209 3.005795040630778590e-209 3.005795040630800743e-209 3.005795040630778590e-209
1.050360797176086791e+01 4.782446366922434562e-223 4.782446366922333206e-223 4.782446366922434562e-223 4.782446366922333206e-223
1.070562817378106857e+01 2.743016588357180128e-237 2.743016588357106474e-237 2.743016588357180128e-237 2.743016588357106474e-237
1.090764837580127278e+01 5.671453042813862326e-252 5.671453042813701446e-252 5.671453042813862326e-252 5.671453042813701446e-252
1.110966857782147343e+01 4.227151647667079989e-267 4.227151647667018013e-267 4.227151647667079989e-267 4.227151647667018013e-267
1.131168877984167764e+01 1.135766086930670295e-282 1.135766086930654048e-282 1.135766086930670295e-282 1.135766086930654048e-282
1.151370898186187830e+01 1.100062971407313300e-298 1.100062971407297597e-298 1.100062971407313300e-298 1.100062971407297597e-298
