  crystal axis:  
  ( 1.0000 0.0000 0.0000)  
  ( 0.0000 1.0000 0.0000)  
  ( 0.0000 0.0000 1.0000)  

  reciprocal axis:  
  ( 1.0000 0.0000 0.0000)  
  ( 0.0000 1.0000 0.0000)  
  ( 0.0000 0.0000 1.0000)  

  Omega (in a^3 units) =    1.0000000000000000     


  48  symmetry operations

  1  0  0   -1  0  0   -1  0  0    1  0  0    0  1  0    0 -1  0
  0  1  0    0 -1  0    0  1  0    0 -1  0    1  0  0   -1  0  0
  0  0  1    0  0  1    0  0 -1    0  0 -1    0  0 -1    0  0 -1

  0 -1  0    0  1  0    0  0  1    0  0 -1    0  0 -1    0  0  1
  1  0  0   -1  0  0    0 -1  0    0 -1  0    0  1  0    0  1  0
  0  0  1    0  0  1    1  0  0   -1  0  0    1  0  0   -1  0  0

 -1  0  0   -1  0  0    1  0  0    1  0  0    0  0  1    0  0 -1
  0  0  1    0  0 -1    0  0 -1    0  0  1    1  0  0   -1  0  0
  0  1  0    0 -1  0    0  1  0    0 -1  0    0  1  0    0  1  0

  0  0 -1    0  0  1    0  1  0    0 -1  0    0 -1  0    0  1  0
  1  0  0   -1  0  0    0  0  1    0  0 -1    0  0  1    0  0 -1
  0 -1  0    0 -1  0    1  0  0    1  0  0   -1  0  0   -1  0  0

 -1  0  0    1  0  0    1  0  0   -1  0  0    0 -1  0    0  1  0
  0 -1  0    0  1  0    0 -1  0    0  1  0   -1  0  0    1  0  0
  0  0 -1    0  0 -1    0  0  1    0  0  1    0  0  1    0  0  1

  0  1  0    0 -1  0    0  0 -1    0  0  1    0  0  1    0  0 -1
 -1  0  0    1  0  0    0  1  0    0  1  0    0 -1  0    0 -1  0
  0  0 -1    0  0 -1   -1  0  0    1  0  0   -1  0  0    1  0  0

  1  0  0    1  0  0   -1  0  0   -1  0  0    0  0 -1    0  0  1
  0  0 -1    0  0  1    0  0  1    0  0 -1   -1  0  0    1  0  0
  0 -1  0    0  1  0    0 -1  0    0  1  0    0 -1  0    0 -1  0

  0  0  1    0  0 -1    0 -1  0    0  1  0    0  1  0    0 -1  0
 -1  0  0    1  0  0    0  0 -1    0  0  1    0  0 -1    0  0  1
  0  1  0    0  1  0   -1  0  0   -1  0  0    1  0  0    1  0  0


  k(  1)=(  0  0  0 ) --- weight=  1 |folds in point #  0
  k(  2)=(  1  0  0 ) --- weight=  3 |folds in point #  0
  k(  4)=(  1  1  0 ) --- weight=  3 |folds in point #  0
  k(  8)=(  1  1  1 ) --- weight=  1 |folds in point #  0
